443
8080
8080
80
33630
8080
30671
10004
25259
33333
8888
10833
8888
3128
3128
8888
10004
3129
8080
33333
8080
18821
3128
31028
10002
80
43241
3128
10005
10005
3128
18080
5000
3147
53281
17959
10080
27293
9090
6961
8080
55636
1402
10000
80
54240
3128
8080
3129
3129
3131
3129
3129
3129
3129
3129
3128
27983
24211
80
6969
8000
9300
3129
7891
9300
8010
7890
54651
23291
8001
1007
3001
10004
3129
3129
27175
3129
3129
3129
3129
3129
3129
3129
3129
3129
10004
24741
4006
8080
999
3129
80
1337
483
8888
9995
3128
3128
30001
2023-10-25
514
511
575
525
515
5997
4281
59
40
23
17
11
8